







(235.0,82.0)(235.0,83.0)(235.0,84.0)(236.0,84.0)(236.0,86.0)(236.0,88.0)(236.0,89.0)(236.0,90.0)(237.0,90.0)(237.0,92.0)(237.0,93.0)(237.0,94.0)(237.0,95.0)(237.0,96.0)(237.0,97.0)(237.0,98.0)(237.0,99.0)(237.0,100.0)(237.0,102.0)(237.0,103.0)(237.0,105.0)(237.0,107.0)(237.0,108.0)(237.0,111.0)(237.0,112.0)(237.0,113.0)(237.0,116.0)(237.0,119.0)(237.0,120.0)(237.0,121.0)(236.0,123.0)(236.0,124.0)(236.0,125.0)(235.0,126.0)(235.0,129.0)(235.0,130.0)(234.0,130.0)(233.0,133.0)(233.0,135.0)(233.0,136.0)(231.0,138.0)(231.0,140.0)(230.0,141.0)(229.0,143.0)(228.0,145.0)(228.0,146.0)(227.0,148.0)(227.0,149.0)(226.0,150.0)(225.0,151.0)(225.0,153.0)(224.0,154.0)(223.0,155.0)(222.0,157.0)(221.0,159.0)(220.0,161.0)(218.0,163.0)(218.0,164.0)(217.0,165.0)(216.0,166.0)(215.0,168.0)(214.0,170.0)(213.0,171.0)(212.0,173.0)(211.0,173.0)(210.0,175.0)(209.0,176.0)(208.0,177.0)(208.0,178.0)(207.0,179.0)(207.0,180.0)(206.0,180.0)(205.0,181.0)(205.0,182.0)(205.0,183.0)(203.0,184.0)(203.0,185.0)(201.0,187.0)(200.0,189.0)(198.0,191.0)(194.0,194.0)(190.0,196.0)(185.0,199.0)(183.0,200.0)(182.0,200.0)(179.0,200.0)(173.0,200.0)(173.0,201.0)(159.0,202.0)
(224.0,173.0)(228.0,184.0)(230.0,204.0)(226.0,228.0)(223.0,246.0)(223.0,247.0)(222.0,258.0)(221.0,258.0)
(294.0,132.0)(282.0,150.0)(263.0,169.0)(249.0,179.0)(246.0,181.0)
(235.0,209.0)(248.0,208.0)(277.0,206.0)(278.0,206.0)(305.0,204.0)(325.0,201.0)(338.0,199.0)
(278.0,186.0)(277.0,217.0)(277.0,219.0)(277.0,247.0)
(259.0,259.0)(260.0,259.0)(295.0,255.0)(317.0,252.0)(318.0,252.0)(333.0,251.0)(333.0,250.0)
(400.0,131.0)(403.0,183.0)(400.0,251.0)(398.0,276.0)
(393.0,175.0)(392.0,205.0)(392.0,207.0)(388.0,229.0)
(421.0,209.0)(428.0,219.0)
(442.0,167.0)(446.0,192.0)(451.0,215.0)(454.0,217.0)(468.0,213.0)(478.0,205.0)
(483.0,184.0)(485.0,226.0)(484.0,239.0)
(459.0,251.0)(455.0,273.0)(451.0,284.0)
(470.0,249.0)(481.0,266.0)(479.0,291.0)(459.0,307.0)(458.0,308.0)(463.0,307.0)(483.0,302.0)(488.0,298.0)
(240.0,134.0)(239.0,134.0)(238.0,134.0)(238.0,135.0)(238.0,136.0)(237.0,136.0)(236.0,138.0)(236.0,139.0)(235.0,139.0)(234.0,140.0)(233.0,140.0)(233.0,141.0)(232.0,142.0)(231.0,143.0)(231.0,144.0)(230.0,145.0)(229.0,146.0)(228.0,146.0)(228.0,147.0)(227.0,149.0)(226.0,149.0)(225.0,150.0)(224.0,152.0)(223.0,152.0)(222.0,155.0)(221.0,155.0)(220.0,157.0)(218.0,158.0)(217.0,160.0)(216.0,160.0)(215.0,161.0)(214.0,163.0)(213.0,163.0)(212.0,165.0)(211.0,166.0)(210.0,168.0)(207.0,169.0)(206.0,172.0)(205.0,172.0)(204.0,173.0)(203.0,174.0)(200.0,177.0)(198.0,179.0)(197.0,179.0)(195.0,181.0)(193.0,183.0)(192.0,183.0)(191.0,184.0)(190.0,185.0)(188.0,187.0)(187.0,189.0)(183.0,192.0)(182.0,193.0)(179.0,195.0)(176.0,198.0)(175.0,199.0)(172.0,201.0)(170.0,204.0)(167.0,206.0)(164.0,209.0)(161.0,212.0)(156.0,216.0)(152.0,218.0)(150.0,221.0)(146.0,223.0)(143.0,225.0)(142.0,226.0)(140.0,227.0)
(205.0,170.0)(205.0,171.0)(207.0,176.0)(209.0,181.0)(210.0,182.0)(212.0,190.0)(214.0,208.0)(214.0,227.0)(214.0,242.0)(214.0,255.0)(212.0,267.0)(212.0,268.0)(211.0,273.0)(211.0,277.0)
(294.0,151.0)(289.0,155.0)(281.0,166.0)(275.0,174.0)(266.0,183.0)(266.0,184.0)(258.0,193.0)(251.0,200.0)(248.0,207.0)(245.0,212.0)
(234.0,248.0)(246.0,244.0)(261.0,239.0)(262.0,239.0)(278.0,236.0)(279.0,235.0)(290.0,234.0)(297.0,232.0)(302.0,231.0)(307.0,231.0)
(286.0,223.0)(286.0,238.0)(286.0,252.0)(286.0,271.0)(285.0,272.0)(283.0,283.0)(281.0,289.0)
(273.0,290.0)(290.0,287.0)(311.0,283.0)(337.0,278.0)(338.0,278.0)(356.0,276.0)(368.0,275.0)(374.0,273.0)
(178.0,88.0)(177.0,88.0)(176.0,89.0)(176.0,90.0)(175.0,90.0)(174.0,91.0)(173.0,92.0)(172.0,93.0)(171.0,94.0)(170.0,94.0)(169.0,94.0)(168.0,95.0)(168.0,96.0)(167.0,96.0)(166.0,97.0)(166.0,98.0)(165.0,99.0)(164.0,99.0)(162.0,100.0)(161.0,101.0)(160.0,101.0)(159.0,103.0)(158.0,104.0)(156.0,104.0)(156.0,105.0)(154.0,106.0)(154.0,107.0)(152.0,107.0)(151.0,108.0)(149.0,109.0)(148.0,110.0)(146.0,112.0)(145.0,112.0)(144.0,113.0)(141.0,114.0)(139.0,116.0)(137.0,117.0)(134.0,119.0)(133.0,119.0)(131.0,120.0)(128.0,122.0)(122.0,126.0)(118.0,128.0)(116.0,129.0)(115.0,130.0)(112.0,131.0)(108.0,134.0)(105.0,136.0)(101.0,139.0)(97.0,142.0)(92.0,144.0)(87.0,148.0)(81.0,152.0)(78.0,154.0)(75.0,156.0)(70.0,159.0)(64.0,162.0)(59.0,164.0)(55.0,167.0)(47.0,170.0)(41.0,173.0)(38.0,174.0)(35.0,176.0)
(117.0,145.0)(119.0,150.0)(119.0,154.0)(120.0,160.0)(121.0,161.0)(121.0,165.0)(121.0,171.0)(121.0,179.0)(121.0,180.0)(121.0,186.0)(121.0,191.0)(121.0,199.0)(122.0,204.0)(123.0,207.0)(124.0,209.0)
(295.0,133.0)(292.0,137.0)(287.0,144.0)(275.0,159.0)(275.0,160.0)(261.0,177.0)(259.0,179.0)(247.0,193.0)(229.0,209.0)(219.0,219.0)(219.0,220.0)(213.0,225.0)(210.0,228.0)
(193.0,258.0)(202.0,259.0)(218.0,261.0)(219.0,261.0)(244.0,260.0)(278.0,256.0)(316.0,256.0)(319.0,256.0)(357.0,256.0)(392.0,257.0)(410.0,258.0)
(333.0,198.0)(327.0,211.0)(320.0,232.0)(309.0,260.0)(305.0,275.0)(304.0,281.0)(305.0,283.0)
(74.0,79.0)(75.0,79.0)(75.0,80.0)(77.0,80.0)(77.0,81.0)(80.0,82.0)(80.0,83.0)(81.0,84.0)(82.0,84.0)(84.0,87.0)(86.0,87.0)(88.0,89.0)(89.0,90.0)(90.0,91.0)(91.0,92.0)(93.0,93.0)(94.0,95.0)(96.0,96.0)(98.0,98.0)(99.0,98.0)(100.0,100.0)(102.0,101.0)(103.0,102.0)(105.0,104.0)(106.0,104.0)(106.0,105.0)(108.0,107.0)(110.0,109.0)(111.0,110.0)(111.0,111.0)(114.0,113.0)(114.0,115.0)(115.0,115.0)(116.0,118.0)(116.0,119.0)(119.0,122.0)(119.0,123.0)(119.0,126.0)(121.0,129.0)(121.0,131.0)(121.0,134.0)(121.0,136.0)(121.0,139.0)(121.0,140.0)(121.0,143.0)(121.0,144.0)(121.0,146.0)(121.0,147.0)(119.0,150.0)(117.0,155.0)(112.0,160.0)(108.0,163.0)(103.0,168.0)(97.0,171.0)(91.0,173.0)(82.0,174.0)(80.0,175.0)(73.0,176.0)(59.0,176.0)(58.0,176.0)(51.0,176.0)(42.0,173.0)(35.0,168.0)(31.0,156.0)(31.0,155.0)(30.0,134.0)(31.0,104.0)(31.0,102.0)(37.0,83.0)(49.0,65.0)(66.0,48.0)(68.0,46.0)(92.0,36.0)(94.0,36.0)(125.0,33.0)(126.0,33.0)(146.0,38.0)(158.0,48.0)(164.0,58.0)(165.0,58.0)(171.0,69.0)(173.0,80.0)(173.0,86.0)(172.0,91.0)(168.0,95.0)	
(329.0,181.0)(321.0,202.0)(302.0,222.0)(301.0,224.0)(276.0,235.0)(261.0,235.0)(251.0,222.0)(256.0,171.0)(293.0,138.0)(295.0,137.0)(358.0,131.0)(386.0,144.0)(387.0,145.0)(395.0,174.0)(395.0,176.0)(390.0,206.0)(373.0,232.0)(346.0,248.0)(312.0,257.0)(311.0,257.0)	
(113.0,378.0)(138.0,348.0)(139.0,347.0)(217.0,301.0)(217.0,300.0)(243.0,295.0)(252.0,300.0)(259.0,336.0)(272.0,411.0)(256.0,451.0)(218.0,462.0)(160.0,440.0)(131.0,392.0)(131.0,390.0)	
(361.0,140.0)(361.0,141.0)(360.0,141.0)(360.0,142.0)(360.0,143.0)(359.0,145.0)(359.0,146.0)(358.0,146.0)(357.0,146.0)(357.0,148.0)(356.0,148.0)(356.0,149.0)(355.0,150.0)(354.0,151.0)(354.0,152.0)(354.0,153.0)(353.0,154.0)(351.0,156.0)(350.0,157.0)(349.0,158.0)(348.0,159.0)(347.0,160.0)(346.0,161.0)(344.0,163.0)(343.0,164.0)(342.0,165.0)(341.0,166.0)(339.0,169.0)(337.0,171.0)(335.0,173.0)(333.0,174.0)(331.0,176.0)(328.0,178.0)(326.0,181.0)(323.0,184.0)(321.0,185.0)(318.0,188.0)(313.0,192.0)(310.0,195.0)(308.0,197.0)(305.0,199.0)(302.0,203.0)(299.0,205.0)(298.0,205.0)(291.0,213.0)(288.0,214.0)(287.0,215.0)(284.0,217.0)(281.0,220.0)(278.0,222.0)(275.0,224.0)(273.0,226.0)(272.0,226.0)(272.0,225.0)	
(91.0,101.0)(91.0,102.0)(91.0,103.0)(91.0,104.0)(91.0,105.0)(91.0,106.0)(91.0,107.0)(91.0,108.0)(91.0,109.0)(91.0,110.0)(91.0,111.0)(91.0,112.0)(91.0,113.0)(91.0,114.0)(91.0,115.0)(91.0,116.0)(91.0,117.0)(91.0,118.0)(91.0,119.0)(91.0,120.0)(91.0,121.0)(91.0,122.0)(91.0,123.0)(91.0,124.0)(90.0,125.0)(90.0,126.0)(89.0,127.0)(89.0,128.0)(89.0,129.0)(89.0,130.0)(89.0,131.0)(89.0,132.0)(88.0,133.0)(87.0,133.0)(87.0,134.0)(87.0,135.0)(87.0,136.0)(87.0,137.0)(86.0,138.0)(86.0,139.0)(85.0,140.0)(84.0,141.0)(84.0,142.0)(84.0,143.0)(84.0,144.0)(84.0,145.0)(83.0,146.0)(82.0,148.0)(82.0,149.0)(81.0,151.0)(80.0,151.0)(79.0,153.0)(79.0,154.0)(77.0,156.0)(75.0,158.0)(73.0,160.0)(70.0,163.0)(68.0,165.0)(65.0,167.0)(62.0,170.0)(60.0,172.0)(60.0,173.0)(57.0,174.0)(56.0,175.0)(54.0,176.0)(52.0,176.0)(52.0,177.0)(51.0,178.0)(50.0,178.0)(49.0,179.0)(48.0,179.0)	
(28.0,215.0)(29.0,215.0)(29.0,216.0)(30.0,216.0)(31.0,216.0)(32.0,216.0)(33.0,216.0)(34.0,216.0)(35.0,217.0)(36.0,217.0)(37.0,217.0)(38.0,217.0)(39.0,217.0)(40.0,217.0)(41.0,217.0)(42.0,217.0)(43.0,217.0)(44.0,217.0)(45.0,217.0)(46.0,217.0)(47.0,217.0)(48.0,217.0)(50.0,218.0)(51.0,218.0)(53.0,218.0)(55.0,218.0)(56.0,218.0)(59.0,218.0)(62.0,218.0)(64.0,218.0)(66.0,218.0)(69.0,218.0)(71.0,218.0)(72.0,218.0)(74.0,218.0)(76.0,218.0)(77.0,218.0)(80.0,217.0)(82.0,217.0)(85.0,217.0)(86.0,217.0)(88.0,217.0)(89.0,217.0)(90.0,217.0)(92.0,216.0)(94.0,216.0)(96.0,216.0)(97.0,216.0)(99.0,216.0)(101.0,216.0)(103.0,216.0)(106.0,216.0)(107.0,216.0)(108.0,216.0)(110.0,216.0)(112.0,215.0)(114.0,215.0)(117.0,215.0)(117.0,214.0)(118.0,214.0)(120.0,214.0)(121.0,214.0)(122.0,214.0)(124.0,214.0)	
(82.0,154.0)(83.0,159.0)(86.0,172.0)(86.0,179.0)(86.0,180.0)(86.0,188.0)(86.0,196.0)(86.0,207.0)(87.0,215.0)(87.0,222.0)(87.0,229.0)(86.0,235.0)(85.0,240.0)(84.0,246.0)(83.0,247.0)(82.0,253.0)(78.0,260.0)(78.0,261.0)(75.0,267.0)(71.0,272.0)(71.0,273.0)(68.0,277.0)(68.0,278.0)(64.0,283.0)(63.0,283.0)(58.0,288.0)(51.0,292.0)(50.0,293.0)(43.0,295.0)(33.0,298.0)(29.0,301.0)	
(89.0,230.0)(92.0,232.0)(96.0,236.0)(96.0,237.0)(97.0,240.0)(98.0,244.0)(100.0,249.0)(101.0,253.0)(102.0,253.0)(103.0,257.0)(104.0,260.0)(108.0,264.0)(115.0,268.0)(123.0,273.0)(130.0,277.0)(133.0,279.0)(134.0,281.0)(135.0,281.0)(141.0,283.0)(160.0,286.0)(161.0,286.0)(172.0,289.0)(174.0,289.0)(175.0,289.0)(176.0,290.0)	
(202.0,137.0)(204.0,139.0)(210.0,153.0)(210.0,154.0)(213.0,166.0)(213.0,167.0)	
(181.0,190.0)(180.0,201.0)(180.0,202.0)(182.0,216.0)	
(190.0,186.0)(199.0,185.0)(222.0,178.0)(241.0,174.0)(242.0,174.0)(254.0,171.0)(257.0,170.0)(261.0,170.0)(264.0,170.0)(265.0,170.0)(266.0,170.0)(270.0,171.0)(279.0,173.0)(287.0,174.0)(289.0,175.0)(290.0,180.0)(290.0,187.0)(287.0,192.0)(285.0,197.0)	
(210.0,212.0)(211.0,212.0)(234.0,206.0)	
(239.0,207.0)(238.0,215.0)(227.0,231.0)(205.0,254.0)(196.0,265.0)	
(232.0,236.0)(241.0,236.0)(242.0,236.0)(253.0,241.0)(254.0,241.0)(261.0,252.0)(261.0,253.0)(261.0,269.0)(260.0,269.0)(254.0,288.0)(247.0,301.0)(239.0,305.0)(234.0,305.0)(233.0,305.0)	
(252.0,248.0)(237.0,260.0)(236.0,260.0)(222.0,272.0)(222.0,273.0)	
(255.0,260.0)(249.0,264.0)(237.0,273.0)(221.0,281.0)(220.0,281.0)	
(293.0,230.0)(281.0,240.0)(270.0,257.0)(267.0,264.0)(267.0,265.0)(272.0,267.0)(280.0,273.0)(285.0,277.0)(286.0,277.0)	
(368.0,175.0)(361.0,203.0)(361.0,204.0)(359.0,257.0)(360.0,259.0)(383.0,290.0)(424.0,292.0)(425.0,292.0)	
(398.0,243.0)(369.0,276.0)(334.0,295.0)(333.0,295.0)	
(338.0,233.0)(359.0,234.0)(428.0,229.0)	
(438.0,184.0)(458.0,181.0)(459.0,181.0)(471.0,189.0)(463.0,217.0)(444.0,232.0)(444.0,233.0)(456.0,244.0)(467.0,290.0)(461.0,322.0)(456.0,324.0)(445.0,295.0)	
(432.0,259.0)(465.0,242.0)(490.0,230.0)(505.0,229.0)(504.0,229.0)	
(253.0,8.0)	
